340.5 306.5 350.5 307.5
284.5 339.5 286.5 345.5
255.5 280.5 231.5 278.5
202.5 286.5 197.5 284.5
287.5 283.5 287.5 282.5
188.5 290.5 185.5 289.5
296.5 363.5 297.5 370.5
249.5 241.5 226.5 236.5
266.5 264.5 251.5 261.5
289.5 387.5 292.5 396.5
301.5 262.5 301.5 260.5
383.5 188.5 370.5 176.5
277.5 291.5 278.5 293.5
188.5 271.5 187.5 268.5
255.5 228.5 233.5 221.5
280.5 349.5 281.5 355.5
240.5 261.5 221.5 256.5
255.5 263.5 240.5 259.5
208.5 457.5 232.5 475.5
297.5 222.5 295.5 213.5
279.5 251.5 265.5 247.5
287.5 274.5 287.5 270.5
253.5 317.5 227.5 316.5
311.5 416.5 310.5 430.5
175.5 290.5 170.5 287.5
296.5 214.5 293.5 203.5
246.5 445.5 261.5 460.5
374.5 174.5 358.5 160.5
267.5 350.5 268.5 356.5
315.5 132.5 317.5 115.5
270.5 340.5 272.5 345.5
320.5 120.5 322.5 105.5
185.5 312.5 184.5 311.5
279.5 377.5 281.5 385.5
346.5 338.5 351.5 343.5
320.5 432.5 311.5 447.5
324.5 178.5 321.5 164.5
301.5 233.5 303.5 226.5
270.5 253.5 254.5 248.5
298.5 371.5 298.5 378.5
226.5 161.5 248.5 148.5
339.5 216.5 330.5 206.5
234.5 176.5 260.5 165.5
277.5 320.5 278.5 324.5
377.5 121.5 362.5 102.5
288.5 236.5 278.5 230.5
300.5 412.5 301.5 426.5
327.5 372.5 338.5 381.5
243.5 253.5 223.5 248.5
254.5 311.5 239.5 310.5
272.5 161.5 289.5 150.5
298.5 462.5 298.5 476.5
224.5 243.5 202.5 238.5
330.5 265.5 341.5 262.5
250.5 392.5 265.5 404.5
415.5 157.5 390.5 141.5
301.5 350.5 302.5 355.5
354.5 457.5 341.5 472.5
359.5 295.5 369.5 295.5
199.5 440.5 220.5 457.5
249.5 137.5 277.5 123.5
204.5 391.5 223.5 401.5
327.5 311.5 336.5 312.5
411.5 209.5 385.5 199.5
330.5 295.5 339.5 296.5
244.5 191.5 275.5 182.5
375.5 410.5 348.5 422.5
293.5 445.5 293.5 459.5
320.5 292.5 315.5 292.5
235.5 299.5 226.5 297.5
307.5 225.5 306.5 217.5
283.5 457.5 286.5 473.5
320.5 211.5 318.5 199.5
391.5 492.5 367.5 510.5
287.5 405.5 288.5 417.5
215.5 472.5 243.5 491.5
215.5 346.5 196.5 352.5
396.5 439.5 372.5 452.5
241.5 308.5 228.5 307.5
298.5 425.5 301.5 441.5
297.5 300.5 297.5 299.5
222.5 419.5 248.5 431.5
278.5 264.5 270.5 261.5
289.5 473.5 296.5 489.5
268.5 295.5 263.5 295.5
309.5 304.5 311.5 306.5
270.5 235.5 252.5 227.5
173.5 244.5 174.5 245.5
318.5 387.5 314.5 397.5
386.5 425.5 360.5 437.5
254.5 462.5 271.5 480.5
313.5 485.5 313.5 504.5
307.5 276.5 309.5 273.5
291.5 310.5 289.5 311.5
310.5 233.5 310.5 224.5
302.5 393.5 304.5 403.5
308.5 474.5 309.5 492.5
301.5 333.5 305.5 339.5
321.5 274.5 317.5 272.5
240.5 124.5 266.5 108.5
199.5 299.5 195.5 297.5
300.5 289.5 301.5 288.5
246.5 217.5 245.5 204.5
293.5 289.5 293.5 289.5
332.5 313.5 340.5 314.5
310.5 370.5 308.5 377.5
327.5 345.5 336.5 351.5
321.5 234.5 314.5 226.5
156.5 246.5 159.5 247.5
310.5 217.5 308.5 206.5
296.5 466.5 297.5 481.5
