347.5 307.5 350.5 307.5
285.5 342.5 286.5 345.5
244.5 279.5 231.5 278.5
198.5 285.5 197.5 284.5
184.5 288.5 185.5 289.5
298.5 366.5 297.5 370.5
236.5 240.5 226.5 236.5
257.5 264.5 251.5 261.5
292.5 392.5 292.5 396.5
300.5 260.5 301.5 260.5
319.5 333.5 319.5 335.5
387.5 179.5 370.5 176.5
275.5 296.5 278.5 293.5
185.5 269.5 187.5 268.5
247.5 224.5 233.5 221.5
282.5 351.5 281.5 355.5
230.5 259.5 221.5 256.5
247.5 261.5 240.5 259.5
214.5 466.5 232.5 475.5
295.5 218.5 295.5 213.5
273.5 249.5 265.5 247.5
278.5 309.5 278.5 307.5
287.5 273.5 287.5 270.5
242.5 317.5 227.5 316.5
294.5 208.5 293.5 203.5
251.5 453.5 261.5 460.5
370.5 167.5 358.5 160.5
266.5 353.5 268.5 356.5
319.5 366.5 323.5 369.5
302.5 310.5 305.5 311.5
314.5 124.5 317.5 115.5
271.5 343.5 272.5 345.5
328.5 115.5 322.5 105.5
308.5 385.5 305.5 387.5
182.5 313.5 184.5 311.5
279.5 381.5 281.5 385.5
223.5 285.5 215.5 287.5
342.5 340.5 351.5 343.5
319.5 440.5 311.5 447.5
323.5 171.5 321.5 164.5
301.5 230.5 303.5 226.5
322.5 319.5 320.5 319.5
262.5 251.5 254.5 248.5
299.5 375.5 298.5 378.5
232.5 154.5 248.5 148.5
321.5 187.5 320.5 182.5
243.5 171.5 260.5 165.5
277.5 323.5 278.5 324.5
343.5 362.5 349.5 363.5
375.5 111.5 362.5 102.5
282.5 230.5 278.5 230.5
309.5 292.5 307.5 290.5
333.5 380.5 338.5 381.5
232.5 252.5 223.5 248.5
278.5 156.5 289.5 150.5
306.5 337.5 309.5 337.5
302.5 467.5 298.5 476.5
214.5 240.5 202.5 238.5
338.5 264.5 341.5 262.5
254.5 398.5 265.5 404.5
406.5 148.5 390.5 141.5
302.5 353.5 302.5 355.5
350.5 465.5 341.5 472.5
367.5 294.5 369.5 295.5
206.5 449.5 220.5 457.5
259.5 130.5 277.5 123.5
210.5 397.5 223.5 401.5
334.5 313.5 336.5 312.5
266.5 262.5 260.5 260.5
402.5 203.5 385.5 199.5
255.5 244.5 245.5 242.5
237.5 99.5 251.5 89.5
339.5 298.5 339.5 296.5
251.5 184.5 275.5 182.5
365.5 416.5 348.5 422.5
318.5 292.5 315.5 292.5
329.5 218.5 323.5 216.5
160.5 290.5 144.5 290.5
282.5 466.5 286.5 473.5
253.5 295.5 253.5 292.5
320.5 204.5 318.5 199.5
381.5 501.5 367.5 510.5
243.5 291.5 229.5 290.5
285.5 411.5 288.5 417.5
224.5 483.5 243.5 491.5
206.5 351.5 196.5 352.5
324.5 375.5 330.5 379.5
386.5 446.5 372.5 452.5
240.5 309.5 228.5 307.5
227.5 299.5 207.5 299.5
295.5 301.5 297.5 299.5
232.5 427.5 248.5 431.5
325.5 353.5 332.5 355.5
297.5 479.5 296.5 489.5
263.5 296.5 263.5 295.5
345.5 270.5 346.5 271.5
297.5 273.5 299.5 272.5
174.5 245.5 174.5 245.5
318.5 391.5 314.5 397.5
209.5 289.5 207.5 288.5
376.5 432.5 360.5 437.5
312.5 495.5 313.5 504.5
309.5 363.5 309.5 366.5
307.5 275.5 309.5 273.5
291.5 311.5 289.5 311.5
310.5 227.5 310.5 224.5
325.5 133.5 324.5 125.5
310.5 484.5 309.5 492.5
251.5 251.5 243.5 248.5
275.5 210.5 270.5 208.5
319.5 272.5 317.5 272.5
247.5 115.5 266.5 108.5
198.5 299.5 195.5 297.5
305.5 401.5 303.5 408.5
334.5 291.5 341.5 292.5
338.5 314.5 340.5 314.5
356.5 316.5 354.5 317.5
310.5 375.5 308.5 377.5
332.5 348.5 336.5 351.5
319.5 230.5 314.5 226.5
159.5 247.5 159.5 247.5
324.5 203.5 322.5 200.5
244.5 143.5 255.5 134.5
297.5 475.5 297.5 481.5
