188.5 271.5 185.5 269.5 187.5 268.5
199.5 440.5 206.5 449.5 220.5 457.5
272.5 161.5 278.5 156.5 289.5 150.5
313.5 485.5 312.5 495.5 313.5 504.5
267.5 350.5 266.5 353.5 268.5 356.5
188.5 290.5 184.5 288.5 185.5 289.5
279.5 377.5 279.5 381.5 281.5 385.5
301.5 233.5 301.5 230.5 303.5 226.5
307.5 276.5 307.5 275.5 309.5 273.5
246.5 445.5 251.5 453.5 261.5 460.5
297.5 222.5 295.5 218.5 295.5 213.5
301.5 262.5 300.5 260.5 301.5 260.5
202.5 286.5 198.5 285.5 197.5 284.5
321.5 274.5 319.5 272.5 317.5 272.5
255.5 263.5 247.5 261.5 240.5 259.5
204.5 391.5 210.5 397.5 223.5 401.5
240.5 261.5 230.5 259.5 221.5 256.5
283.5 457.5 282.5 466.5 286.5 473.5
315.5 132.5 314.5 124.5 317.5 115.5
391.5 492.5 381.5 501.5 367.5 510.5
396.5 439.5 386.5 446.5 372.5 452.5
268.5 295.5 263.5 296.5 263.5 295.5
296.5 214.5 294.5 208.5 293.5 203.5
249.5 137.5 259.5 130.5 277.5 123.5
250.5 392.5 254.5 398.5 265.5 404.5
270.5 253.5 262.5 251.5 254.5 248.5
234.5 176.5 243.5 171.5 260.5 165.5
243.5 253.5 232.5 252.5 223.5 248.5
185.5 312.5 182.5 313.5 184.5 311.5
266.5 264.5 257.5 264.5 251.5 261.5
320.5 292.5 318.5 292.5 315.5 292.5
277.5 320.5 277.5 323.5 278.5 324.5
324.5 178.5 323.5 171.5 321.5 164.5
215.5 472.5 224.5 483.5 243.5 491.5
284.5 339.5 285.5 342.5 286.5 345.5
222.5 419.5 232.5 427.5 248.5 431.5
287.5 274.5 287.5 273.5 287.5 270.5
327.5 345.5 332.5 348.5 336.5 351.5
270.5 340.5 271.5 343.5 272.5 345.5
301.5 350.5 302.5 353.5 302.5 355.5
249.5 241.5 236.5 240.5 226.5 236.5
415.5 157.5 406.5 148.5 390.5 141.5
255.5 280.5 244.5 279.5 231.5 278.5
321.5 234.5 319.5 230.5 314.5 226.5
279.5 251.5 273.5 249.5 265.5 247.5
226.5 161.5 232.5 154.5 248.5 148.5
296.5 466.5 297.5 475.5 297.5 481.5
386.5 425.5 376.5 432.5 360.5 437.5
310.5 370.5 310.5 375.5 308.5 377.5
298.5 371.5 299.5 375.5 298.5 378.5
291.5 310.5 291.5 311.5 289.5 311.5
354.5 457.5 350.5 465.5 341.5 472.5
224.5 243.5 214.5 240.5 202.5 238.5
215.5 346.5 206.5 351.5 196.5 352.5
411.5 209.5 402.5 203.5 385.5 199.5
327.5 372.5 333.5 380.5 338.5 381.5
296.5 363.5 298.5 366.5 297.5 370.5
208.5 457.5 214.5 466.5 232.5 475.5
253.5 317.5 242.5 317.5 227.5 316.5
318.5 387.5 318.5 391.5 314.5 397.5
308.5 474.5 310.5 484.5 309.5 492.5
280.5 349.5 282.5 351.5 281.5 355.5
375.5 410.5 365.5 416.5 348.5 422.5
289.5 387.5 292.5 392.5 292.5 396.5
240.5 124.5 247.5 115.5 266.5 108.5
340.5 306.5 347.5 307.5 350.5 307.5
332.5 313.5 338.5 314.5 340.5 314.5
374.5 174.5 370.5 167.5 358.5 160.5
359.5 295.5 367.5 294.5 369.5 295.5
255.5 228.5 247.5 224.5 233.5 221.5
327.5 311.5 334.5 313.5 336.5 312.5
320.5 432.5 319.5 440.5 311.5 447.5
173.5 244.5 174.5 245.5 174.5 245.5
377.5 121.5 375.5 111.5 362.5 102.5
156.5 246.5 159.5 247.5 159.5 247.5
244.5 191.5 251.5 184.5 275.5 182.5
346.5 338.5 342.5 340.5 351.5 343.5
