41.5 131.5 34.5 131.5 42.5 130.5
129.5 249.5 126.5 257.5 105.5 153.5
131.5 242.5 128.5 247.5 107.5 143.5
217.5 180.5 225.5 179.5 235.5 180.5
206.5 186.5 213.5 187.5 221.5 188.5
204.5 174.5 211.5 174.5 218.5 173.5
193.5 188.5 195.5 190.5 195.5 191.5
111.5 155.5 106.5 152.5 105.5 148.5
167.5 175.5 165.5 176.5 160.5 175.5
183.5 173.5 179.5 171.5 178.5 170.5
159.5 146.5 157.5 142.5 154.5 137.5
206.5 159.5 213.5 156.5 222.5 153.5
175.5 143.5 173.5 138.5 170.5 131.5
174.5 126.5 170.5 120.5 168.5 112.5
224.5 128.5 224.5 120.5 220.5 112.5
175.5 220.5 173.5 225.5 170.5 231.5
195.5 229.5 193.5 235.5 188.5 242.5
220.5 119.5 220.5 111.5 216.5 103.5
185.5 229.5 183.5 234.5 181.5 239.5
177.5 235.5 175.5 242.5 173.5 249.5
291.5 164.5 315.5 164.5 298.5 164.5
222.5 111.5 222.5 103.5 217.5 95.5
