140.5 59.5 140.5 59.5
155.5 60.5 153.5 59.5
179.5 60.5 178.5 60.5
191.5 111.5 184.5 105.5
192.5 126.5 185.5 120.5
161.5 132.5 159.5 125.5
171.5 139.5 167.5 133.5
184.5 143.5 184.5 139.5
137.5 145.5 138.5 141.5
173.5 146.5 171.5 143.5
159.5 147.5 156.5 144.5
138.5 159.5 140.5 156.5
213.5 159.5 220.5 157.5
193.5 173.5 191.5 172.5
202.5 174.5 209.5 174.5
166.5 178.5 163.5 177.5
185.5 181.5 183.5 181.5
214.5 182.5 223.5 182.5
202.5 187.5 208.5 188.5
192.5 189.5 191.5 189.5
92.5 275.5 83.5 191.5
208.5 202.5 213.5 204.5
76.5 109.5 68.5 213.5
191.5 211.5 185.5 213.5
209.5 215.5 203.5 219.5
175.5 222.5 173.5 228.5
35.5 229.5 57.5 229.5
181.5 227.5 180.5 235.5
156.5 235.5 158.5 242.5
346.5 163.5 57.5 251.5
156.5 243.5 160.5 251.5
157.5 248.5 160.5 256.5
285.5 163.5 292.5 258.5
34.5 250.5 314.5 259.5
