140.5 59.5 140.5 35.5
243.5 108.5 59.5 108.5
76.5 109.5 44.5 109.5
191.5 111.5 170.5 95.5
192.5 126.5 172.5 113.5
161.5 132.5 156.5 118.5
171.5 139.5 163.5 125.5
137.5 145.5 144.5 138.5
173.5 146.5 171.5 138.5
159.5 147.5 152.5 145.5
138.5 159.5 143.5 152.5
213.5 159.5 228.5 154.5
285.5 163.5 299.5 163.5
346.5 163.5 330.5 163.5
165.5 174.5 156.5 171.5
166.5 178.5 160.5 179.5
185.5 181.5 179.5 181.5
214.5 182.5 232.5 182.5
209.5 215.5 195.5 223.5
175.5 222.5 171.5 236.5
181.5 227.5 177.5 242.5
156.5 235.5 162.5 249.5
157.5 248.5 163.5 263.5
34.5 250.5 41.5 251.5
92.5 275.5 76.5 275.5
106.5 275.5 90.5 275.5
258.5 312.5 258.5 311.5
281.5 315.5 281.5 315.5
268.5 326.5 268.5 326.5
