140.5 59.5 140.5 35.5
130.5 100.5 130.5 100.5
184.5 105.5 170.5 95.5
226.5 108.5 19.5 108.5
181.5 109.5 167.5 99.5
185.5 120.5 172.5 113.5
159.5 125.5 156.5 118.5
167.5 133.5 163.5 125.5
184.5 139.5 183.5 135.5
138.5 141.5 144.5 138.5
171.5 143.5 171.5 138.5
156.5 144.5 152.5 145.5
140.5 156.5 143.5 152.5
157.5 157.5 153.5 156.5
220.5 157.5 228.5 154.5
177.5 171.5 174.5 171.5
191.5 172.5 187.5 172.5
209.5 174.5 216.5 173.5
163.5 177.5 160.5 179.5
183.5 181.5 179.5 181.5
223.5 182.5 232.5 182.5
208.5 188.5 216.5 188.5
191.5 189.5 190.5 190.5
165.5 204.5 160.5 205.5
213.5 204.5 219.5 206.5
68.5 213.5 116.5 101.5
168.5 215.5 164.5 219.5
203.5 219.5 195.5 223.5
173.5 228.5 171.5 236.5
180.5 235.5 177.5 242.5
158.5 242.5 162.5 249.5
57.5 251.5 41.5 251.5
160.5 251.5 164.5 259.5
160.5 256.5 163.5 263.5
292.5 258.5 164.5 331.5
291.5 290.5 299.5 202.5
