222.5 111.5 222.5 103.5
220.5 119.5 220.5 111.5
235.5 60.5 298.5 116.5
174.5 126.5 170.5 120.5
224.5 128.5 224.5 120.5
163.5 132.5 159.5 126.5
41.5 131.5 34.5 131.5
161.5 136.5 159.5 131.5
175.5 143.5 173.5 138.5
186.5 144.5 185.5 138.5
127.5 236.5 104.5 141.5
159.5 146.5 157.5 142.5
111.5 155.5 106.5 152.5
206.5 159.5 213.5 156.5
291.5 164.5 315.5 164.5
183.5 173.5 179.5 171.5
193.5 172.5 193.5 172.5
204.5 174.5 211.5 174.5
167.5 175.5 165.5 176.5
217.5 180.5 225.5 179.5
206.5 186.5 213.5 187.5
193.5 188.5 195.5 190.5
44.5 197.5 60.5 197.5
215.5 204.5 222.5 206.5
194.5 215.5 197.5 217.5
243.5 214.5 243.5 218.5
35.5 225.5 55.5 224.5
175.5 220.5 173.5 225.5
180.5 225.5 179.5 230.5
185.5 229.5 183.5 234.5
98.5 235.5 98.5 235.5
195.5 229.5 193.5 235.5
177.5 235.5 175.5 242.5
127.5 241.5 124.5 247.5
131.5 242.5 128.5 247.5
42.5 251.5 58.5 251.5
109.5 151.5 125.5 251.5
129.5 249.5 126.5 257.5
306.5 235.5 251.5 323.5
