235.5 60.5 59.5 108.5
222.5 111.5 217.5 95.5
220.5 119.5 216.5 103.5
224.5 119.5 220.5 103.5
174.5 126.5 168.5 112.5
224.5 128.5 220.5 112.5
41.5 131.5 42.5 130.5
159.5 132.5 152.5 120.5
163.5 132.5 158.5 122.5
161.5 136.5 154.5 127.5
175.5 143.5 170.5 131.5
159.5 146.5 154.5 137.5
109.5 151.5 103.5 144.5
111.5 155.5 105.5 148.5
206.5 159.5 222.5 153.5
291.5 164.5 298.5 164.5
276.5 165.5 269.5 165.5
183.5 173.5 178.5 170.5
204.5 174.5 218.5 173.5
167.5 175.5 160.5 175.5
217.5 180.5 235.5 180.5
206.5 186.5 221.5 188.5
193.5 188.5 195.5 191.5
194.5 215.5 188.5 222.5
175.5 220.5 170.5 231.5
184.5 224.5 179.5 235.5
180.5 225.5 173.5 239.5
185.5 229.5 181.5 239.5
195.5 229.5 188.5 242.5
177.5 235.5 173.5 249.5
306.5 235.5 298.5 315.5
127.5 236.5 102.5 138.5
131.5 242.5 107.5 143.5
129.5 249.5 105.5 153.5
42.5 251.5 66.5 251.5
