150.5 91.5 150.5 91.5
222.5 103.5 217.5 95.5
51.5 109.5 59.5 108.5
220.5 111.5 216.5 103.5
170.5 120.5 168.5 112.5
224.5 120.5 220.5 112.5
163.5 125.5 159.5 118.5
34.5 131.5 42.5 130.5
159.5 131.5 158.5 122.5
163.5 131.5 162.5 126.5
173.5 138.5 170.5 131.5
185.5 138.5 187.5 134.5
104.5 141.5 121.5 249.5
157.5 142.5 154.5 137.5
104.5 147.5 103.5 144.5
106.5 152.5 105.5 148.5
213.5 156.5 222.5 153.5
160.5 159.5 156.5 156.5
315.5 164.5 298.5 164.5
179.5 171.5 178.5 170.5
193.5 172.5 191.5 172.5
211.5 174.5 218.5 173.5
165.5 176.5 160.5 175.5
225.5 179.5 235.5 180.5
184.5 184.5 182.5 181.5
213.5 187.5 221.5 188.5
195.5 190.5 195.5 191.5
168.5 204.5 165.5 206.5
222.5 206.5 225.5 209.5
197.5 217.5 200.5 219.5
173.5 225.5 170.5 231.5
179.5 234.5 177.5 240.5
183.5 234.5 181.5 239.5
193.5 235.5 188.5 242.5
175.5 242.5 173.5 249.5
124.5 247.5 123.5 255.5
128.5 247.5 107.5 143.5
58.5 251.5 66.5 251.5
125.5 251.5 122.5 259.5
126.5 257.5 105.5 153.5
230.5 292.5 156.5 320.5
109.5 316.5 108.5 325.5
120.5 316.5 120.5 324.5
