148.5 108.5 144.5 108.5
175.5 115.5 165.5 116.5
155.5 124.5 138.5 124.5
193.5 124.5 184.5 124.5
141.5 125.5 133.5 125.5
189.5 125.5 180.5 124.5
165.5 133.5 151.5 130.5
157.5 136.5 141.5 133.5
139.5 137.5 126.5 135.5
149.5 137.5 141.5 137.5
144.5 138.5 131.5 133.5
188.5 148.5 177.5 147.5
242.5 149.5 230.5 147.5
251.5 150.5 238.5 147.5
261.5 153.5 247.5 151.5
203.5 156.5 196.5 154.5
255.5 159.5 242.5 158.5
134.5 164.5 127.5 168.5
235.5 164.5 221.5 159.5
158.5 166.5 140.5 162.5
225.5 166.5 211.5 161.5
231.5 166.5 215.5 161.5
144.5 168.5 127.5 172.5
190.5 168.5 179.5 166.5
241.5 169.5 228.5 168.5
183.5 170.5 168.5 171.5
208.5 170.5 188.5 170.5
212.5 170.5 199.5 169.5
256.5 170.5 243.5 169.5
217.5 171.5 203.5 170.5
171.5 173.5 161.5 173.5
266.5 173.5 253.5 173.5
152.5 175.5 140.5 173.5
221.5 175.5 205.5 175.5
156.5 176.5 144.5 173.5
160.5 176.5 148.5 172.5
148.5 178.5 136.5 175.5
267.5 178.5 253.5 178.5
221.5 179.5 206.5 179.5
242.5 179.5 225.5 178.5
138.5 181.5 128.5 180.5
203.5 182.5 187.5 180.5
207.5 182.5 198.5 181.5
183.5 183.5 169.5 182.5
161.5 184.5 151.5 184.5
157.5 185.5 143.5 183.5
153.5 186.5 138.5 187.5
228.5 189.5 214.5 195.5
239.5 189.5 228.5 189.5
224.5 190.5 210.5 195.5
257.5 191.5 242.5 190.5
264.5 191.5 250.5 189.5
217.5 192.5 206.5 195.5
175.5 194.5 163.5 192.5
135.5 195.5 123.5 205.5
190.5 198.5 177.5 195.5
197.5 198.5 187.5 196.5
207.5 198.5 197.5 199.5
251.5 207.5 240.5 206.5
243.5 210.5 227.5 211.5
264.5 210.5 244.5 210.5
253.5 212.5 240.5 212.5
135.5 215.5 123.5 215.5
207.5 220.5 192.5 224.5
164.5 221.5 155.5 215.5
147.5 222.5 134.5 218.5
136.5 223.5 123.5 219.5
205.5 228.5 191.5 228.5
191.5 229.5 178.5 234.5
167.5 239.5 156.5 237.5
152.5 247.5 139.5 245.5
162.5 248.5 154.5 246.5
162.5 252.5 142.5 251.5
