111.5 114.5 141.5 105.5
106.5 123.5 138.5 114.5
150.5 99.5 185.5 117.5
162.5 88.5 196.5 121.5
102.5 137.5 133.5 126.5
142.5 108.5 178.5 127.5
159.5 99.5 192.5 130.5
140.5 113.5 175.5 135.5
197.5 73.5 237.5 136.5
204.5 80.5 241.5 136.5
141.5 125.5 172.5 139.5
158.5 112.5 195.5 141.5
129.5 136.5 163.5 142.5
139.5 137.5 171.5 143.5
202.5 95.5 240.5 150.5
149.5 137.5 184.5 152.5
134.5 164.5 162.5 162.5
261.5 153.5 236.5 167.5
183.5 170.5 189.5 171.5
190.5 168.5 193.5 171.5
241.5 169.5 216.5 171.5
144.5 168.5 170.5 172.5
158.5 166.5 181.5 173.5
148.5 178.5 171.5 176.5
260.5 171.5 228.5 176.5
266.5 173.5 236.5 180.5
183.5 183.5 200.5 181.5
242.5 179.5 218.5 181.5
135.5 195.5 160.5 186.5
157.5 185.5 178.5 187.5
264.5 191.5 230.5 189.5
190.5 198.5 190.5 190.5
239.5 189.5 214.5 190.5
242.5 199.5 214.5 194.5
135.5 215.5 160.5 198.5
264.5 210.5 230.5 199.5
123.5 265.5 125.5 205.5
164.5 221.5 180.5 205.5
118.5 275.5 120.5 218.5
115.5 289.5 116.5 227.5
