165.5 116.5 196.5 162.5
141.5 137.5 171.5 143.5
196.5 154.5 192.5 217.5
139.5 167.5 170.5 172.5
127.5 168.5 153.5 169.5
228.5 168.5 216.5 171.5
243.5 169.5 228.5 176.5
127.5 172.5 153.5 173.5
148.5 172.5 181.5 173.5
253.5 173.5 236.5 180.5
136.5 175.5 171.5 176.5
128.5 176.5 152.5 177.5
234.5 179.5 218.5 181.5
128.5 180.5 153.5 181.5
169.5 182.5 200.5 181.5
143.5 183.5 178.5 187.5
138.5 187.5 170.5 184.5
127.5 188.5 160.5 186.5
228.5 189.5 214.5 190.5
242.5 190.5 230.5 189.5
177.5 195.5 190.5 190.5
197.5 199.5 201.5 201.5
123.5 205.5 160.5 198.5
248.5 208.5 230.5 199.5
227.5 211.5 212.5 205.5
155.5 215.5 185.5 205.5
