116.5 130.5 114.5 127.5 111.5 122.5
165.5 122.5 165.5 117.5 164.5 112.5
182.5 189.5 182.5 189.5 180.5 191.5
193.5 183.5 199.5 186.5 198.5 185.5
175.5 143.5 176.5 139.5 175.5 136.5
189.5 145.5 191.5 141.5 191.5 138.5
169.5 234.5 170.5 239.5 166.5 245.5
168.5 173.5 167.5 172.5 164.5 172.5
182.5 235.5 182.5 239.5 180.5 245.5
179.5 126.5 179.5 121.5 179.5 116.5
166.5 128.5 167.5 122.5 165.5 117.5
172.5 209.5 172.5 210.5 169.5 213.5
176.5 183.5 178.5 183.5 174.5 184.5
152.5 132.5 152.5 127.5 150.5 122.5
175.5 223.5 175.5 227.5 172.5 231.5
198.5 243.5 200.5 247.5 198.5 253.5
105.5 155.5 103.5 152.5 99.5 149.5
159.5 205.5 158.5 209.5 155.5 211.5
194.5 192.5 198.5 195.5 199.5 196.5
163.5 228.5 162.5 233.5 161.5 238.5
158.5 181.5 156.5 182.5 156.5 182.5
152.5 122.5 154.5 117.5 152.5 112.5
220.5 108.5 223.5 101.5 222.5 95.5
211.5 216.5 213.5 220.5 214.5 223.5
164.5 155.5 163.5 150.5 161.5 148.5
97.5 136.5 95.5 132.5 92.5 128.5
156.5 247.5 153.5 253.5 152.5 259.5
185.5 209.5 186.5 211.5 183.5 213.5
169.5 190.5 169.5 191.5 166.5 191.5
167.5 117.5 168.5 112.5 165.5 108.5
240.5 107.5 241.5 99.5 242.5 93.5
196.5 229.5 195.5 234.5 192.5 239.5
232.5 235.5 238.5 239.5 235.5 243.5
147.5 147.5 145.5 143.5 144.5 139.5
219.5 235.5 221.5 239.5 218.5 244.5
186.5 243.5 185.5 247.5 186.5 254.5
198.5 216.5 202.5 220.5 204.5 224.5
145.5 253.5 143.5 259.5 142.5 264.5
221.5 188.5 230.5 188.5 235.5 188.5
238.5 181.5 247.5 182.5 254.5 181.5
218.5 175.5 227.5 174.5 233.5 173.5
229.5 175.5 237.5 174.5 244.5 173.5
172.5 247.5 170.5 253.5 168.5 257.5
