190.5 113.5 182.5 106.5
188.5 117.5 181.5 110.5
191.5 127.5 184.5 120.5
162.5 132.5 160.5 124.5
171.5 139.5 168.5 133.5
137.5 145.5 139.5 141.5
173.5 146.5 171.5 143.5
159.5 147.5 155.5 145.5
138.5 159.5 140.5 156.5
212.5 160.5 220.5 157.5
161.5 161.5 157.5 158.5
193.5 173.5 191.5 172.5
165.5 174.5 161.5 173.5
201.5 175.5 209.5 174.5
167.5 178.5 163.5 178.5
185.5 181.5 183.5 181.5
192.5 189.5 191.5 189.5
171.5 211.5 169.5 215.5
191.5 211.5 185.5 213.5
209.5 215.5 202.5 220.5
176.5 223.5 173.5 228.5
181.5 227.5 181.5 236.5
159.5 234.5 159.5 242.5
178.5 234.5 179.5 240.5
159.5 242.5 159.5 248.5
159.5 247.5 161.5 256.5
