182.5 106.5 169.5 98.5
184.5 120.5 172.5 113.5
160.5 124.5 156.5 119.5
183.5 140.5 183.5 135.5
139.5 141.5 144.5 137.5
171.5 143.5 170.5 138.5
155.5 145.5 152.5 145.5
140.5 156.5 144.5 152.5
220.5 157.5 228.5 154.5
157.5 158.5 153.5 156.5
177.5 171.5 174.5 171.5
191.5 172.5 188.5 172.5
161.5 173.5 156.5 171.5
209.5 174.5 216.5 173.5
163.5 178.5 159.5 178.5
183.5 181.5 179.5 181.5
223.5 181.5 231.5 182.5
208.5 188.5 216.5 188.5
191.5 189.5 191.5 190.5
214.5 204.5 220.5 206.5
166.5 205.5 161.5 206.5
169.5 215.5 163.5 218.5
173.5 228.5 170.5 236.5
181.5 236.5 177.5 243.5
179.5 240.5 175.5 249.5
