240.5 107.5 241.5 99.5
220.5 108.5 223.5 101.5
182.5 115.5 181.5 111.5
239.5 115.5 239.5 109.5
243.5 116.5 244.5 110.5
167.5 117.5 168.5 112.5
152.5 122.5 154.5 117.5
165.5 122.5 165.5 117.5
179.5 126.5 179.5 121.5
166.5 128.5 167.5 122.5
242.5 128.5 243.5 122.5
116.5 130.5 114.5 127.5
152.5 132.5 152.5 127.5
97.5 136.5 95.5 132.5
196.5 136.5 195.5 131.5
200.5 136.5 199.5 132.5
175.5 139.5 175.5 135.5
175.5 143.5 176.5 139.5
189.5 145.5 191.5 141.5
147.5 147.5 145.5 143.5
161.5 147.5 160.5 143.5
96.5 151.5 94.5 149.5
176.5 153.5 177.5 151.5
105.5 155.5 103.5 152.5
221.5 156.5 230.5 155.5
211.5 161.5 206.5 156.5
190.5 171.5 190.5 171.5
194.5 172.5 194.5 171.5
168.5 173.5 167.5 172.5
183.5 173.5 182.5 173.5
218.5 175.5 227.5 174.5
229.5 175.5 237.5 174.5
234.5 179.5 244.5 178.5
158.5 181.5 156.5 182.5
238.5 181.5 247.5 182.5
176.5 183.5 174.5 183.5
205.5 183.5 213.5 182.5
181.5 185.5 178.5 183.5
221.5 188.5 230.5 188.5
182.5 189.5 182.5 189.5
169.5 190.5 169.5 191.5
231.5 191.5 240.5 191.5
194.5 192.5 198.5 195.5
183.5 193.5 183.5 193.5
217.5 194.5 225.5 193.5
158.5 195.5 157.5 199.5
159.5 200.5 157.5 203.5
209.5 200.5 212.5 200.5
226.5 202.5 231.5 203.5
159.5 205.5 158.5 209.5
185.5 205.5 186.5 207.5
172.5 209.5 172.5 210.5
185.5 209.5 186.5 211.5
251.5 209.5 254.5 211.5
198.5 216.5 202.5 220.5
211.5 216.5 213.5 220.5
175.5 223.5 175.5 227.5
163.5 228.5 162.5 233.5
196.5 229.5 195.5 234.5
252.5 230.5 254.5 233.5
135.5 233.5 132.5 239.5
169.5 234.5 170.5 239.5
182.5 235.5 182.5 239.5
219.5 235.5 221.5 239.5
183.5 239.5 184.5 243.5
116.5 240.5 115.5 244.5
186.5 243.5 185.5 247.5
198.5 243.5 200.5 247.5
156.5 247.5 153.5 253.5
172.5 247.5 170.5 253.5
145.5 253.5 143.5 259.5
115.5 254.5 113.5 261.5
125.5 257.5 121.5 264.5
