241.5 99.5 242.5 93.5
223.5 101.5 222.5 95.5
181.5 111.5 180.5 106.5
168.5 112.5 165.5 108.5
154.5 117.5 152.5 112.5
165.5 117.5 164.5 112.5
243.5 122.5 244.5 115.5
179.5 121.5 179.5 116.5
167.5 122.5 165.5 117.5
166.5 126.5 162.5 121.5
114.5 127.5 111.5 122.5
152.5 127.5 150.5 122.5
174.5 129.5 174.5 126.5
185.5 130.5 184.5 126.5
199.5 132.5 198.5 127.5
95.5 132.5 92.5 128.5
176.5 139.5 175.5 136.5
164.5 141.5 161.5 137.5
191.5 141.5 191.5 138.5
145.5 143.5 144.5 139.5
94.5 149.5 90.5 146.5
163.5 150.5 161.5 148.5
177.5 151.5 175.5 148.5
103.5 152.5 99.5 149.5
230.5 155.5 236.5 154.5
206.5 156.5 206.5 156.5
215.5 161.5 215.5 161.5
241.5 165.5 249.5 163.5
220.5 162.5 227.5 164.5
243.5 169.5 252.5 167.5
190.5 171.5 187.5 171.5
194.5 171.5 191.5 171.5
167.5 172.5 164.5 172.5
182.5 173.5 179.5 172.5
186.5 173.5 183.5 172.5
198.5 172.5 196.5 172.5
154.5 172.5 152.5 173.5
227.5 174.5 233.5 173.5
237.5 174.5 244.5 173.5
174.5 174.5 173.5 174.5
213.5 174.5 216.5 174.5
247.5 182.5 254.5 181.5
156.5 182.5 156.5 182.5
213.5 182.5 218.5 182.5
174.5 183.5 174.5 184.5
199.5 186.5 198.5 185.5
230.5 188.5 235.5 188.5
240.5 191.5 250.5 189.5
225.5 193.5 230.5 190.5
169.5 191.5 166.5 191.5
182.5 189.5 180.5 191.5
198.5 195.5 199.5 196.5
212.5 200.5 212.5 199.5
231.5 203.5 236.5 205.5
157.5 203.5 155.5 207.5
158.5 209.5 155.5 211.5
210.5 208.5 211.5 212.5
172.5 210.5 169.5 213.5
186.5 211.5 183.5 213.5
254.5 211.5 253.5 215.5
175.5 217.5 174.5 221.5
213.5 220.5 214.5 223.5
202.5 220.5 204.5 224.5
207.5 222.5 209.5 225.5
175.5 227.5 172.5 231.5
254.5 233.5 254.5 236.5
162.5 233.5 161.5 238.5
195.5 234.5 192.5 239.5
238.5 239.5 235.5 243.5
132.5 239.5 133.5 244.5
221.5 239.5 218.5 244.5
170.5 239.5 166.5 245.5
182.5 239.5 180.5 245.5
115.5 244.5 108.5 251.5
200.5 247.5 198.5 253.5
185.5 247.5 186.5 254.5
112.5 251.5 105.5 257.5
170.5 253.5 168.5 257.5
153.5 253.5 152.5 259.5
149.5 256.5 148.5 261.5
143.5 259.5 136.5 267.5
113.5 261.5 106.5 269.5
131.5 263.5 128.5 269.5
121.5 264.5 122.5 270.5
