171.5 51.5 172.5 43.5
155.5 52.5 155.5 43.5
161.5 133.5 159.5 128.5
155.5 140.5 152.5 136.5
208.5 145.5 216.5 141.5
175.5 148.5 171.5 141.5
179.5 148.5 180.5 144.5
160.5 153.5 157.5 149.5
189.5 153.5 191.5 149.5
206.5 159.5 214.5 156.5
215.5 160.5 223.5 158.5
162.5 162.5 159.5 160.5
180.5 173.5 179.5 172.5
191.5 173.5 191.5 173.5
165.5 175.5 163.5 176.5
203.5 175.5 211.5 174.5
166.5 179.5 164.5 180.5
215.5 182.5 224.5 182.5
203.5 187.5 210.5 188.5
189.5 188.5 190.5 190.5
205.5 202.5 212.5 204.5
172.5 212.5 169.5 217.5
191.5 220.5 192.5 227.5
184.5 230.5 182.5 235.5
188.5 236.5 188.5 242.5
226.5 236.5 236.5 243.5
223.5 242.5 233.5 250.5
224.5 249.5 233.5 257.5
