155.5 43.5 156.5 35.5
172.5 43.5 172.5 36.5
159.5 124.5 156.5 118.5
172.5 127.5 172.5 119.5
152.5 136.5 147.5 130.5
171.5 141.5 169.5 136.5
180.5 144.5 184.5 140.5
157.5 149.5 153.5 144.5
191.5 149.5 193.5 143.5
214.5 156.5 224.5 153.5
159.5 160.5 155.5 156.5
179.5 172.5 175.5 172.5
191.5 173.5 190.5 172.5
211.5 174.5 220.5 173.5
163.5 176.5 159.5 175.5
164.5 180.5 160.5 179.5
224.5 182.5 234.5 181.5
164.5 184.5 160.5 183.5
210.5 188.5 220.5 188.5
190.5 190.5 192.5 190.5
203.5 196.5 211.5 196.5
212.5 204.5 221.5 206.5
168.5 205.5 164.5 207.5
169.5 217.5 166.5 222.5
193.5 219.5 191.5 222.5
192.5 227.5 189.5 232.5
171.5 235.5 165.5 242.5
182.5 235.5 177.5 241.5
188.5 242.5 187.5 250.5
195.5 268.5 203.5 276.5
