221.5 115.5 220.5 107.5
220.5 119.5 219.5 111.5
174.5 126.5 171.5 120.5
223.5 128.5 223.5 120.5
158.5 132.5 155.5 126.5
162.5 132.5 159.5 126.5
160.5 137.5 159.5 131.5
175.5 143.5 173.5 138.5
186.5 143.5 185.5 138.5
160.5 146.5 157.5 142.5
109.5 151.5 104.5 147.5
111.5 155.5 107.5 152.5
162.5 160.5 160.5 159.5
206.5 160.5 214.5 157.5
193.5 172.5 194.5 172.5
204.5 174.5 210.5 173.5
168.5 179.5 166.5 177.5
217.5 180.5 225.5 180.5
206.5 186.5 213.5 187.5
194.5 189.5 195.5 190.5
241.5 200.5 240.5 204.5
171.5 202.5 169.5 204.5
215.5 204.5 222.5 207.5
241.5 207.5 239.5 212.5
195.5 214.5 198.5 217.5
242.5 214.5 242.5 218.5
175.5 220.5 173.5 224.5
180.5 225.5 179.5 230.5
195.5 229.5 192.5 236.5
177.5 235.5 175.5 242.5
127.5 236.5 124.5 243.5
129.5 249.5 126.5 257.5
