221.5 115.5 217.5 96.5
220.5 119.5 216.5 103.5
223.5 128.5 219.5 112.5
174.5 126.5 168.5 113.5
158.5 132.5 152.5 120.5
160.5 137.5 154.5 127.5
175.5 143.5 170.5 132.5
186.5 143.5 186.5 135.5
160.5 146.5 154.5 137.5
127.5 236.5 103.5 138.5
109.5 151.5 103.5 144.5
111.5 155.5 105.5 149.5
129.5 249.5 105.5 153.5
206.5 160.5 223.5 154.5
162.5 160.5 156.5 156.5
204.5 174.5 218.5 173.5
167.5 175.5 160.5 175.5
217.5 180.5 235.5 180.5
206.5 186.5 221.5 188.5
194.5 189.5 194.5 191.5
171.5 202.5 164.5 206.5
195.5 214.5 188.5 222.5
175.5 220.5 170.5 230.5
180.5 225.5 177.5 241.5
195.5 229.5 188.5 242.5
177.5 235.5 173.5 249.5
