220.5 107.5 217.5 96.5
219.5 111.5 216.5 103.5
223.5 120.5 219.5 112.5
171.5 120.5 168.5 113.5
159.5 126.5 159.5 117.5
155.5 126.5 152.5 120.5
159.5 131.5 154.5 127.5
173.5 138.5 170.5 132.5
185.5 138.5 186.5 135.5
157.5 142.5 154.5 137.5
124.5 243.5 103.5 138.5
108.5 147.5 107.5 143.5
104.5 147.5 103.5 144.5
107.5 152.5 105.5 149.5
126.5 257.5 105.5 153.5
214.5 157.5 223.5 154.5
160.5 159.5 156.5 156.5
179.5 171.5 177.5 170.5
194.5 172.5 190.5 171.5
210.5 173.5 218.5 173.5
166.5 177.5 160.5 175.5
225.5 180.5 235.5 180.5
183.5 184.5 181.5 181.5
219.5 182.5 226.5 181.5
213.5 187.5 221.5 188.5
195.5 190.5 194.5 191.5
169.5 204.5 164.5 206.5
222.5 207.5 225.5 209.5
198.5 217.5 200.5 219.5
189.5 227.5 188.5 222.5
173.5 224.5 170.5 230.5
179.5 234.5 177.5 241.5
192.5 236.5 188.5 242.5
175.5 242.5 173.5 249.5
